Automatically generated mesh
     195
Reciprocal lattice
    0.00000000000000    0.00000000000000    0.00000000000000             1
    0.05555555555556    0.00000000000000    0.00000000000000             8
    0.11111111111111    0.00000000000000    0.00000000000000             8
    0.16666666666667    0.00000000000000    0.00000000000000             8
    0.22222222222222    0.00000000000000    0.00000000000000             8
    0.27777777777778    0.00000000000000    0.00000000000000             8
    0.33333333333333    0.00000000000000    0.00000000000000             8
    0.38888888888889    0.00000000000000    0.00000000000000             8
    0.44444444444444    0.00000000000000    0.00000000000000             8
    0.50000000000000    0.00000000000000    0.00000000000000             4
    0.05555555555556    0.05555555555556    0.00000000000000             6
    0.11111111111111    0.05555555555556    0.00000000000000            24
    0.16666666666667    0.05555555555556    0.00000000000000            24
    0.22222222222222    0.05555555555556    0.00000000000000            24
    0.27777777777778    0.05555555555556    0.00000000000000            24
    0.33333333333333    0.05555555555556    0.00000000000000            24
    0.38888888888889    0.05555555555556    0.00000000000000            24
    0.44444444444444    0.05555555555556    0.00000000000000            24
    0.50000000000000    0.05555555555556    0.00000000000000            24
   -0.44444444444444    0.05555555555556    0.00000000000000            24
   -0.38888888888889    0.05555555555556    0.00000000000000            24
   -0.33333333333333    0.05555555555556    0.00000000000000            24
   -0.27777777777778    0.05555555555556    0.00000000000000            24
   -0.22222222222222    0.05555555555556    0.00000000000000            24
   -0.16666666666667    0.05555555555556    0.00000000000000            24
   -0.11111111111111    0.05555555555556    0.00000000000000            24
   -0.05555555555556    0.05555555555556    0.00000000000000            12
    0.11111111111111    0.11111111111111    0.00000000000000             6
    0.16666666666667    0.11111111111111    0.00000000000000            24
    0.22222222222222    0.11111111111111    0.00000000000000            24
    0.27777777777778    0.11111111111111    0.00000000000000            24
    0.33333333333333    0.11111111111111    0.00000000000000            24
    0.38888888888889    0.11111111111111    0.00000000000000            24
    0.44444444444444    0.11111111111111    0.00000000000000            24
    0.50000000000000    0.11111111111111    0.00000000000000            24
   -0.44444444444444    0.11111111111111    0.00000000000000            24
   -0.38888888888889    0.11111111111111    0.00000000000000            24
   -0.33333333333333    0.11111111111111    0.00000000000000            24
   -0.27777777777778    0.11111111111111    0.00000000000000            24
   -0.22222222222222    0.11111111111111    0.00000000000000            24
   -0.16666666666667    0.11111111111111    0.00000000000000            24
   -0.11111111111111    0.11111111111111    0.00000000000000            12
    0.16666666666667    0.16666666666667    0.00000000000000             6
    0.22222222222222    0.16666666666667    0.00000000000000            24
    0.27777777777778    0.16666666666667    0.00000000000000            24
    0.33333333333333    0.16666666666667    0.00000000000000            24
    0.38888888888889    0.16666666666667    0.00000000000000            24
    0.44444444444444    0.16666666666667    0.00000000000000            24
    0.50000000000000    0.16666666666667    0.00000000000000            24
   -0.44444444444444    0.16666666666667    0.00000000000000            24
   -0.38888888888889    0.16666666666667    0.00000000000000            24
   -0.33333333333333    0.16666666666667    0.00000000000000            24
   -0.27777777777778    0.16666666666667    0.00000000000000            24
   -0.22222222222222    0.16666666666667    0.00000000000000            24
   -0.16666666666667    0.16666666666667    0.00000000000000            12
    0.22222222222222    0.22222222222222    0.00000000000000             6
    0.27777777777778    0.22222222222222    0.00000000000000            24
    0.33333333333333    0.22222222222222    0.00000000000000            24
    0.38888888888889    0.22222222222222    0.00000000000000            24
    0.44444444444444    0.22222222222222    0.00000000000000            24
    0.50000000000000    0.22222222222222    0.00000000000000            24
   -0.44444444444444    0.22222222222222    0.00000000000000            24
   -0.38888888888889    0.22222222222222    0.00000000000000            24
   -0.33333333333333    0.22222222222222    0.00000000000000            24
   -0.27777777777778    0.22222222222222    0.00000000000000            24
   -0.22222222222222    0.22222222222222    0.00000000000000            12
    0.27777777777778    0.27777777777778    0.00000000000000             6
    0.33333333333333    0.27777777777778    0.00000000000000            24
    0.38888888888889    0.27777777777778    0.00000000000000            24
    0.44444444444444    0.27777777777778    0.00000000000000            24
    0.50000000000000    0.27777777777778    0.00000000000000            24
   -0.44444444444444    0.27777777777778    0.00000000000000            24
   -0.38888888888889    0.27777777777778    0.00000000000000            24
   -0.33333333333333    0.27777777777778    0.00000000000000            24
   -0.27777777777778    0.27777777777778    0.00000000000000            12
    0.33333333333333    0.33333333333333    0.00000000000000             6
    0.38888888888889    0.33333333333333    0.00000000000000            24
    0.44444444444444    0.33333333333333    0.00000000000000            24
    0.50000000000000    0.33333333333333    0.00000000000000            24
   -0.44444444444444    0.33333333333333    0.00000000000000            24
   -0.38888888888889    0.33333333333333    0.00000000000000            24
   -0.33333333333333    0.33333333333333    0.00000000000000            12
    0.38888888888889    0.38888888888889    0.00000000000000             6
    0.44444444444444    0.38888888888889    0.00000000000000            24
    0.50000000000000    0.38888888888889    0.00000000000000            24
   -0.44444444444444    0.38888888888889    0.00000000000000            24
   -0.38888888888889    0.38888888888889    0.00000000000000            12
    0.44444444444444    0.44444444444444    0.00000000000000             6
    0.50000000000000    0.44444444444444    0.00000000000000            24
   -0.44444444444444    0.44444444444444    0.00000000000000            12
    0.50000000000000    0.50000000000000    0.00000000000000             3
    0.16666666666667    0.11111111111111    0.05555555555556            24
    0.22222222222222    0.11111111111111    0.05555555555556            48
    0.27777777777778    0.11111111111111    0.05555555555556            48
    0.33333333333333    0.11111111111111    0.05555555555556            48
    0.38888888888889    0.11111111111111    0.05555555555556            48
    0.44444444444444    0.11111111111111    0.05555555555556            48
    0.50000000000000    0.11111111111111    0.05555555555556            48
   -0.44444444444444    0.11111111111111    0.05555555555556            24
    0.22222222222222    0.16666666666667    0.05555555555556            24
    0.27777777777778    0.16666666666667    0.05555555555556            48
    0.33333333333333    0.16666666666667    0.05555555555556            48
    0.38888888888889    0.16666666666667    0.05555555555556            48
    0.44444444444444    0.16666666666667    0.05555555555556            48
    0.50000000000000    0.16666666666667    0.05555555555556            48
   -0.44444444444444    0.16666666666667    0.05555555555556            48
   -0.38888888888889    0.16666666666667    0.05555555555556            48
   -0.33333333333333    0.16666666666667    0.05555555555556            48
   -0.27777777777778    0.16666666666667    0.05555555555556            48
   -0.22222222222222    0.16666666666667    0.05555555555556            48
   -0.16666666666667    0.16666666666667    0.05555555555556            48
   -0.11111111111111    0.16666666666667    0.05555555555556            24
    0.27777777777778    0.22222222222222    0.05555555555556            24
    0.33333333333333    0.22222222222222    0.05555555555556            48
    0.38888888888889    0.22222222222222    0.05555555555556            48
    0.44444444444444    0.22222222222222    0.05555555555556            48
    0.50000000000000    0.22222222222222    0.05555555555556            48
   -0.44444444444444    0.22222222222222    0.05555555555556            48
   -0.38888888888889    0.22222222222222    0.05555555555556            48
   -0.33333333333333    0.22222222222222    0.05555555555556            48
   -0.27777777777778    0.22222222222222    0.05555555555556            48
   -0.22222222222222    0.22222222222222    0.05555555555556            48
   -0.16666666666667    0.22222222222222    0.05555555555556            24
    0.33333333333333    0.27777777777778    0.05555555555556            24
    0.38888888888889    0.27777777777778    0.05555555555556            48
    0.44444444444444    0.27777777777778    0.05555555555556            48
    0.50000000000000    0.27777777777778    0.05555555555556            48
   -0.44444444444444    0.27777777777778    0.05555555555556            48
   -0.38888888888889    0.27777777777778    0.05555555555556            48
   -0.33333333333333    0.27777777777778    0.05555555555556            48
   -0.27777777777778    0.27777777777778    0.05555555555556            48
   -0.22222222222222    0.27777777777778    0.05555555555556            24
    0.38888888888889    0.33333333333333    0.05555555555556            24
    0.44444444444444    0.33333333333333    0.05555555555556            48
    0.50000000000000    0.33333333333333    0.05555555555556            48
   -0.44444444444444    0.33333333333333    0.05555555555556            48
   -0.38888888888889    0.33333333333333    0.05555555555556            48
   -0.33333333333333    0.33333333333333    0.05555555555556            48
   -0.27777777777778    0.33333333333333    0.05555555555556            24
    0.44444444444444    0.38888888888889    0.05555555555556            24
    0.50000000000000    0.38888888888889    0.05555555555556            48
   -0.44444444444444    0.38888888888889    0.05555555555556            48
   -0.38888888888889    0.38888888888889    0.05555555555556            48
   -0.33333333333333    0.38888888888889    0.05555555555556            24
    0.50000000000000    0.44444444444444    0.05555555555556            24
   -0.44444444444444    0.44444444444444    0.05555555555556            48
   -0.38888888888889    0.44444444444444    0.05555555555556            24
   -0.44444444444444    0.50000000000000    0.05555555555556            12
    0.33333333333333    0.22222222222222    0.11111111111111            24
    0.38888888888889    0.22222222222222    0.11111111111111            48
    0.44444444444444    0.22222222222222    0.11111111111111            48
    0.50000000000000    0.22222222222222    0.11111111111111            48
   -0.44444444444444    0.22222222222222    0.11111111111111            48
   -0.38888888888889    0.22222222222222    0.11111111111111            24
    0.38888888888889    0.27777777777778    0.11111111111111            24
    0.44444444444444    0.27777777777778    0.11111111111111            48
    0.50000000000000    0.27777777777778    0.11111111111111            48
   -0.44444444444444    0.27777777777778    0.11111111111111            48
   -0.38888888888889    0.27777777777778    0.11111111111111            48
   -0.33333333333333    0.27777777777778    0.11111111111111            48
   -0.27777777777778    0.27777777777778    0.11111111111111            48
   -0.22222222222222    0.27777777777778    0.11111111111111            48
   -0.16666666666667    0.27777777777778    0.11111111111111            24
    0.44444444444444    0.33333333333333    0.11111111111111            24
    0.50000000000000    0.33333333333333    0.11111111111111            48
   -0.44444444444444    0.33333333333333    0.11111111111111            48
   -0.38888888888889    0.33333333333333    0.11111111111111            48
   -0.33333333333333    0.33333333333333    0.11111111111111            48
   -0.27777777777778    0.33333333333333    0.11111111111111            48
   -0.22222222222222    0.33333333333333    0.11111111111111            24
    0.50000000000000    0.38888888888889    0.11111111111111            24
   -0.44444444444444    0.38888888888889    0.11111111111111            48
   -0.38888888888889    0.38888888888889    0.11111111111111            48
   -0.33333333333333    0.38888888888889    0.11111111111111            48
   -0.27777777777778    0.38888888888889    0.11111111111111            24
   -0.44444444444444    0.44444444444444    0.11111111111111            24
   -0.38888888888889    0.44444444444444    0.11111111111111            48
   -0.33333333333333    0.44444444444444    0.11111111111111            24
   -0.38888888888889    0.50000000000000    0.11111111111111            12
    0.50000000000000    0.33333333333333    0.16666666666667            24
   -0.44444444444444    0.33333333333333    0.16666666666667            48
   -0.38888888888889    0.33333333333333    0.16666666666667            48
   -0.33333333333333    0.33333333333333    0.16666666666667            24
   -0.44444444444444    0.38888888888889    0.16666666666667            24
   -0.38888888888889    0.38888888888889    0.16666666666667            48
   -0.33333333333333    0.38888888888889    0.16666666666667            48
   -0.27777777777778    0.38888888888889    0.16666666666667            48
   -0.22222222222222    0.38888888888889    0.16666666666667            24
   -0.38888888888889    0.44444444444444    0.16666666666667            24
   -0.33333333333333    0.44444444444444    0.16666666666667            48
   -0.27777777777778    0.44444444444444    0.16666666666667            24
   -0.33333333333333    0.50000000000000    0.16666666666667            12
   -0.33333333333333    0.44444444444444    0.22222222222222            24
   -0.27777777777778    0.44444444444444    0.22222222222222            24
   -0.27777777777778    0.50000000000000    0.22222222222222            12
Tetrahedra
       806    0.00002857796068
        24         1         2         2        11
        48         2        11        12        27
        48         2         3        12        27
        24         2         2        11        27
        48         3        12        13        26
        48         3         4        13        26
        48         3        12        26        27
        48         4        13        14        25
        48         4         5        14        25
        48         4        13        25        26
        48         5        14        15        24
        48         5         6        15        24
        48         5        14        24        25
        48         6        15        16        23
        48         6         7        16        23
        48         6        15        23        24
        48         7        16        17        22
        48         7         8        17        22
        48         7        16        22        23
        48         8        17        18        21
        48         8         9        18        21
        48         8        17        21        22
        48         9        18        19        20
        48         9        10        19        20
        48         9        18        20        21
        48        10        19        19        20
        24        11        12        12        28
        24        11        12        12        27
        48        12        28        29        92
        48        12        13        29        92
        48        12        13        26        92
        24        12        12        28        92
        24        12        12        27        92
        48        12        26        27        92
        48        13        29        30        93
        48        13        14        30        93
        48        13        14        25        93
        48        13        29        92        93
        48        13        26        92        93
        48        13        25        26        93
        48        14        30        31        94
        48        14        15        31        94
        48        14        15        24        94
        48        14        30        93        94
        48        14        25        93        94
        48        14        24        25        94
        48        15        31        32        95
        48        15        16        32        95
        48        15        16        23        95
        48        15        31        94        95
        48        15        24        94        95
        48        15        23        24        95
        48        16        32        33        96
        48        16        17        33        96
        48        16        17        22        96
        48        16        32        95        96
        48        16        23        95        96
        48        16        22        23        96
        48        17        33        34        97
        48        17        18        34        97
        48        17        18        21        97
        48        17        33        96        97
        48        17        22        96        97
        48        17        21        22        97
        48        18        34        35        98
        48        18        19        35        98
        48        18        19        20        98
        48        18        34        97        98
        48        18        21        97        98
        48        18        20        21        98
        48        19        35        36        99
        48        19        20        36        99
        48        19        19        20        99
        48        19        35        98        99
        48        19        20        98        99
        48        20        36        37        98
        48        20        21        37        98
        48        20        36        98        99
        48        21        37        38        97
        48        21        22        38        97
        48        21        37        97        98
        48        22        38        39        96
        48        22        23        39        96
        48        22        38        96        97
        48        23        39        40        95
        48        23        24        40        95
        48        23        39        95        96
        48        24        40        41        94
        48        24        25        41        94
        48        24        40        94        95
        48        25        41        42        93
        48        25        26        42        93
        48        25        41        93        94
        24        26        26        42        92
        24        26        26        27        92
        48        26        42        92        93
        24        28        29        29        43
        24        28        29        29        92
        48        29        43        44       100
        48        29        30        44       100
        48        29        30        93       100
        24        29        29        43       100
        24        29        29        92       100
        48        29        92        93       100
        48        30        44        45       101
        48        30        31        45       101
        48        30        31        94       101
        48        30        44       100       101
        48        30        93       100       101
        48        30        93        94       101
        48        31        45        46       102
        48        31        32        46       102
        48        31        32        95       102
        48        31        45       101       102
        48        31        94       101       102
        48        31        94        95       102
        48        32        46        47       103
        48        32        33        47       103
        48        32        33        96       103
        48        32        46       102       103
        48        32        95       102       103
        48        32        95        96       103
        48        33        47        48       104
        48        33        34        48       104
        48        33        34        97       104
        48        33        47       103       104
        48        33        96       103       104
        48        33        96        97       104
        48        34        48        49       105
        48        34        35        49       105
        48        34        35        98       105
        48        34        48       104       105
        48        34        97       104       105
        48        34        97        98       105
        48        35        49        50       106
        48        35        36        50       106
        48        35        36        99       106
        48        35        49       105       106
        48        35        98       105       106
        48        35        98        99       106
        48        36        50        51       107
        48        36        37        51       107
        48        36        37        98       107
        48        36        50       106       107
        48        36        99       106       107
        48        36        98        99       107
        48        37        51        52       108
        48        37        38        52       108
        48        37        38        97       108
        48        37        51       107       108
        48        37        98       107       108
        48        37        97        98       108
        48        38        52        53       109
        48        38        39        53       109
        48        38        39        96       109
        48        38        52       108       109
        48        38        97       108       109
        48        38        96        97       109
        48        39        53        54       110
        48        39        40        54       110
        48        39        40        95       110
        48        39        53       109       110
        48        39        96       109       110
        48        39        95        96       110
        48        40        54        55       111
        48        40        41        55       111
        48        40        41        94       111
        48        40        54       110       111
        48        40        95       110       111
        48        40        94        95       111
        24        41        41        55       112
        24        41        41        42       112
        48        41        42        93       112
        48        41        55       111       112
        48        41        94       111       112
        48        41        93        94       112
        24        42        93        93       112
        24        42        92        93        93
        24        43        44        44        56
        24        43        44        44       100
        48        44        56        57       113
        48        44        45        57       113
        48        44        45       101       113
        24        44        44        56       113
        24        44        44       100       113
        48        44       100       101       113
        48        45        57        58       114
        48        45        46        58       114
        48        45        46       102       114
        48        45        57       113       114
        48        45       101       113       114
        48        45       101       102       114
        48        46        58        59       115
        48        46        47        59       115
        48        46        47       103       115
        48        46        58       114       115
        48        46       102       114       115
        48        46       102       103       115
        48        47        59        60       116
        48        47        48        60       116
        48        47        48       104       116
        48        47        59       115       116
        48        47       103       115       116
        48        47       103       104       116
        48        48        60        61       117
        48        48        49        61       117
        48        48        49       105       117
        48        48        60       116       117
        48        48       104       116       117
        48        48       104       105       117
        48        49        61        62       118
        48        49        50        62       118
        48        49        50       106       118
        48        49        61       117       118
        48        49       105       117       118
        48        49       105       106       118
        48        50        62        63       119
        48        50        51        63       119
        48        50        51       107       119
        48        50        62       118       119
        48        50       106       118       119
        48        50       106       107       119
        48        51        63        64       120
        48        51        52        64       120
        48        51        52       108       120
        48        51        63       119       120
        48        51       107       119       120
        48        51       107       108       120
        48        52        64        65       121
        48        52        53        65       121
        48        52        53       109       121
        48        52        64       120       121
        48        52       108       120       121
        48        52       108       109       121
        48        53        65        66       122
        48        53        54        66       122
        48        53        54       110       122
        48        53        65       121       122
        48        53       109       121       122
        48        53       109       110       122
        24        54        54        66       123
        24        54        54        55       123
        48        54        55       111       123
        48        54        66       122       123
        48        54       110       122       123
        48        54       110       111       123
        24        55       111       111       123
        24        55       111       111       112
        24        56        57        57        67
        24        56        57        57       113
        48        57        67        68       124
        48        57        58        68       124
        48        57        58       114       124
        24        57        57        67       124
        24        57        57       113       124
        48        57       113       114       124
        48        58        68        69       125
        48        58        59        69       125
        48        58        59       115       125
        48        58        68       124       125
        48        58       114       124       125
        48        58       114       115       125
        48        59        69        70       126
        48        59        60        70       126
        48        59        60       116       126
        48        59        69       125       126
        48        59       115       125       126
        48        59       115       116       126
        48        60        70        71       127
        48        60        61        71       127
        48        60        61       117       127
        48        60        70       126       127
        48        60       116       126       127
        48        60       116       117       127
        48        61        71        72       128
        48        61        62        72       128
        48        61        62       118       128
        48        61        71       127       128
        48        61       117       127       128
        48        61       117       118       128
        48        62        72        73       129
        48        62        63        73       129
        48        62        63       119       129
        48        62        72       128       129
        48        62       118       128       129
        48        62       118       119       129
        48        63        73        74       130
        48        63        64        74       130
        48        63        64       120       130
        48        63        73       129       130
        48        63       119       129       130
        48        63       119       120       130
        48        64        74        75       131
        48        64        65        75       131
        48        64        65       121       131
        48        64        74       130       131
        48        64       120       130       131
        48        64       120       121       131
        24        65        65        75       132
        24        65        65        66       132
        48        65        66       122       132
        48        65        75       131       132
        48        65       121       131       132
        48        65       121       122       132
        24        66       122       122       132
        24        66       122       122       123
        24        67        68        68        76
        24        67        68        68       124
        48        68        76        77       133
        48        68        69        77       133
        48        68        69       125       133
        24        68        68        76       133
        24        68        68       124       133
        48        68       124       125       133
        48        69        77        78       134
        48        69        70        78       134
        48        69        70       126       134
        48        69        77       133       134
        48        69       125       133       134
        48        69       125       126       134
        48        70        78        79       135
        48        70        71        79       135
        48        70        71       127       135
        48        70        78       134       135
        48        70       126       134       135
        48        70       126       127       135
        48        71        79        80       136
        48        71        72        80       136
        48        71        72       128       136
        48        71        79       135       136
        48        71       127       135       136
        48        71       127       128       136
        48        72        80        81       137
        48        72        73        81       137
        48        72        73       129       137
        48        72        80       136       137
        48        72       128       136       137
        48        72       128       129       137
        48        73        81        82       138
        48        73        74        82       138
        48        73        74       130       138
        48        73        81       137       138
        48        73       129       137       138
        48        73       129       130       138
        24        74        74        82       139
        24        74        74        75       139
        48        74        75       131       139
        48        74        82       138       139
        48        74       130       138       139
        48        74       130       131       139
        24        75       131       131       139
        24        75       131       131       132
        24        76        77        77        83
        24        76        77        77       133
        48        77        83        84       140
        48        77        78        84       140
        48        77        78       134       140
        24        77        77        83       140
        24        77        77       133       140
        48        77       133       134       140
        48        78        84        85       141
        48        78        79        85       141
        48        78        79       135       141
        48        78        84       140       141
        48        78       134       140       141
        48        78       134       135       141
        48        79        85        86       142
        48        79        80        86       142
        48        79        80       136       142
        48        79        85       141       142
        48        79       135       141       142
        48        79       135       136       142
        48        80        86        87       143
        48        80        81        87       143
        48        80        81       137       143
        48        80        86       142       143
        48        80       136       142       143
        48        80       136       137       143
        24        81        81        87       144
        24        81        81        82       144
        48        81        82       138       144
        48        81        87       143       144
        48        81       137       143       144
        48        81       137       138       144
        24        82       138       138       144
        24        82       138       138       139
        24        83        84        84        88
        24        83        84        84       140
        48        84        88        89       145
        48        84        85        89       145
        48        84        85       141       145
        24        84        84        88       145
        24        84        84       140       145
        48        84       140       141       145
        48        85        89        90       146
        48        85        86        90       146
        48        85        86       142       146
        48        85        89       145       146
        48        85       141       145       146
        48        85       141       142       146
        24        86        86        90       147
        24        86        86        87       147
        48        86        87       143       147
        48        86        90       146       147
        48        86       142       146       147
        48        86       142       143       147
        24        87       143       143       147
        24        87       143       143       144
        24        88        89        89        91
        24        88        89        89       145
        48        89        89        91       148
        24        89        89        90       148
        48        89        90       146       148
        24        89        89       145       148
        48        89       145       146       148
        24        90       146       146       148
        24        90       146       146       147
        24        92        93        93       100
        48        93       100       101       112
        48        93        94       101       112
        24        93        93       100       112
        48        94       101       102       111
        48        94        95       102       111
        48        94       101       111       112
        48        95       102       103       110
        48        95        96       103       110
        48        95       102       110       111
        48        96       103       104       109
        48        96        97       104       109
        48        96       103       109       110
        48        97       104       105       108
        48        97        98       105       108
        48        97       104       108       109
        48        98       105       106       107
        48        98        99       106       107
        48        98       105       107       108
        48        99       106       106       107
        24       100       101       101       113
        24       100       101       101       112
        48       101       113       114       149
        48       101       102       114       149
        48       101       102       111       149
        24       101       101       113       149
        24       101       101       112       149
        48       101       111       112       149
        48       102       114       115       150
        48       102       103       115       150
        48       102       103       110       150
        48       102       114       149       150
        48       102       111       149       150
        48       102       110       111       150
        48       103       115       116       151
        48       103       104       116       151
        48       103       104       109       151
        48       103       115       150       151
        48       103       110       150       151
        48       103       109       110       151
        48       104       116       117       152
        48       104       105       117       152
        48       104       105       108       152
        48       104       116       151       152
        48       104       109       151       152
        48       104       108       109       152
        48       105       117       118       153
        48       105       106       118       153
        48       105       106       107       153
        48       105       117       152       153
        48       105       108       152       153
        48       105       107       108       153
        48       106       118       119       154
        48       106       107       119       154
        48       106       106       107       154
        48       106       118       153       154
        48       106       107       153       154
        48       107       119       120       153
        48       107       108       120       153
        48       107       119       153       154
        48       108       120       121       152
        48       108       109       121       152
        48       108       120       152       153
        48       109       121       122       151
        48       109       110       122       151
        48       109       121       151       152
        48       110       122       123       150
        48       110       111       123       150
        48       110       122       150       151
        24       111       111       123       149
        24       111       111       112       149
        48       111       123       149       150
        24       113       114       114       124
        24       113       114       114       149
        48       114       124       125       155
        48       114       115       125       155
        48       114       115       150       155
        24       114       114       124       155
        24       114       114       149       155
        48       114       149       150       155
        48       115       125       126       156
        48       115       116       126       156
        48       115       116       151       156
        48       115       125       155       156
        48       115       150       155       156
        48       115       150       151       156
        48       116       126       127       157
        48       116       117       127       157
        48       116       117       152       157
        48       116       126       156       157
        48       116       151       156       157
        48       116       151       152       157
        48       117       127       128       158
        48       117       118       128       158
        48       117       118       153       158
        48       117       127       157       158
        48       117       152       157       158
        48       117       152       153       158
        48       118       128       129       159
        48       118       119       129       159
        48       118       119       154       159
        48       118       128       158       159
        48       118       153       158       159
        48       118       153       154       159
        48       119       129       130       160
        48       119       120       130       160
        48       119       120       153       160
        48       119       129       159       160
        48       119       154       159       160
        48       119       153       154       160
        48       120       130       131       161
        48       120       121       131       161
        48       120       121       152       161
        48       120       130       160       161
        48       120       153       160       161
        48       120       152       153       161
        48       121       131       132       162
        48       121       122       132       162
        48       121       122       151       162
        48       121       131       161       162
        48       121       152       161       162
        48       121       151       152       162
        24       122       122       132       163
        24       122       122       123       163
        48       122       123       150       163
        48       122       132       162       163
        48       122       151       162       163
        48       122       150       151       163
        24       123       150       150       163
        24       123       149       150       150
        24       124       125       125       133
        24       124       125       125       155
        48       125       133       134       164
        48       125       126       134       164
        48       125       126       156       164
        24       125       125       133       164
        24       125       125       155       164
        48       125       155       156       164
        48       126       134       135       165
        48       126       127       135       165
        48       126       127       157       165
        48       126       134       164       165
        48       126       156       164       165
        48       126       156       157       165
        48       127       135       136       166
        48       127       128       136       166
        48       127       128       158       166
        48       127       135       165       166
        48       127       157       165       166
        48       127       157       158       166
        48       128       136       137       167
        48       128       129       137       167
        48       128       129       159       167
        48       128       136       166       167
        48       128       158       166       167
        48       128       158       159       167
        48       129       137       138       168
        48       129       130       138       168
        48       129       130       160       168
        48       129       137       167       168
        48       129       159       167       168
        48       129       159       160       168
        48       130       138       139       169
        48       130       131       139       169
        48       130       131       161       169
        48       130       138       168       169
        48       130       160       168       169
        48       130       160       161       169
        24       131       131       139       170
        24       131       131       132       170
        48       131       132       162       170
        48       131       139       169       170
        48       131       161       169       170
        48       131       161       162       170
        24       132       162       162       170
        24       132       162       162       163
        24       133       134       134       140
        24       133       134       134       164
        48       134       140       141       171
        48       134       135       141       171
        48       134       135       165       171
        24       134       134       140       171
        24       134       134       164       171
        48       134       164       165       171
        48       135       141       142       172
        48       135       136       142       172
        48       135       136       166       172
        48       135       141       171       172
        48       135       165       171       172
        48       135       165       166       172
        48       136       142       143       173
        48       136       137       143       173
        48       136       137       167       173
        48       136       142       172       173
        48       136       166       172       173
        48       136       166       167       173
        48       137       143       144       174
        48       137       138       144       174
        48       137       138       168       174
        48       137       143       173       174
        48       137       167       173       174
        48       137       167       168       174
        24       138       138       144       175
        24       138       138       139       175
        48       138       139       169       175
        48       138       144       174       175
        48       138       168       174       175
        48       138       168       169       175
        24       139       169       169       175
        24       139       169       169       170
        24       140       141       141       145
        24       140       141       141       171
        48       141       145       146       176
        48       141       142       146       176
        48       141       142       172       176
        24       141       141       145       176
        24       141       141       171       176
        48       141       171       172       176
        48       142       146       147       177
        48       142       143       147       177
        48       142       143       173       177
        48       142       146       176       177
        48       142       172       176       177
        48       142       172       173       177
        24       143       143       147       178
        24       143       143       144       178
        48       143       144       174       178
        48       143       147       177       178
        48       143       173       177       178
        48       143       173       174       178
        24       144       174       174       178
        24       144       174       174       175
        24       145       146       146       148
        24       145       146       146       176
        48       146       146       148       179
        24       146       146       147       179
        48       146       147       177       179
        24       146       146       176       179
        48       146       176       177       179
        24       147       177       177       179
        24       147       177       177       178
        24       149       150       150       155
        48       150       155       156       163
        48       150       151       156       163
        24       150       150       155       163
        48       151       156       157       162
        48       151       152       157       162
        48       151       156       162       163
        48       152       157       158       161
        48       152       153       158       161
        48       152       157       161       162
        48       153       158       159       160
        48       153       154       159       160
        48       153       158       160       161
        48       154       159       159       160
        24       155       156       156       164
        24       155       156       156       163
        48       156       164       165       180
        48       156       157       165       180
        48       156       157       162       180
        24       156       156       164       180
        24       156       156       163       180
        48       156       162       163       180
        48       157       165       166       181
        48       157       158       166       181
        48       157       158       161       181
        48       157       165       180       181
        48       157       162       180       181
        48       157       161       162       181
        48       158       166       167       182
        48       158       159       167       182
        48       158       159       160       182
        48       158       166       181       182
        48       158       161       181       182
        48       158       160       161       182
        48       159       167       168       183
        48       159       160       168       183
        48       159       159       160       183
        48       159       167       182       183
        48       159       160       182       183
        48       160       168       169       182
        48       160       161       169       182
        48       160       168       182       183
        48       161       169       170       181
        48       161       162       170       181
        48       161       169       181       182
        24       162       162       170       180
        24       162       162       163       180
        48       162       170       180       181
        24       164       165       165       171
        24       164       165       165       180
        48       165       171       172       184
        48       165       166       172       184
        48       165       166       181       184
        24       165       165       171       184
        24       165       165       180       184
        48       165       180       181       184
        48       166       172       173       185
        48       166       167       173       185
        48       166       167       182       185
        48       166       172       184       185
        48       166       181       184       185
        48       166       181       182       185
        48       167       173       174       186
        48       167       168       174       186
        48       167       168       183       186
        48       167       173       185       186
        48       167       182       185       186
        48       167       182       183       186
        48       168       174       175       187
        48       168       169       175       187
        48       168       169       182       187
        48       168       174       186       187
        48       168       183       186       187
        48       168       182       183       187
        24       169       169       175       188
        24       169       169       170       188
        48       169       170       181       188
        48       169       175       187       188
        48       169       182       187       188
        48       169       181       182       188
        24       170       181       181       188
        24       170       180       181       181
        24       171       172       172       176
        24       171       172       172       184
        48       172       176       177       189
        48       172       173       177       189
        48       172       173       185       189
        24       172       172       176       189
        24       172       172       184       189
        48       172       184       185       189
        48       173       177       178       190
        48       173       174       178       190
        48       173       174       186       190
        48       173       177       189       190
        48       173       185       189       190
        48       173       185       186       190
        24       174       174       178       191
        24       174       174       175       191
        48       174       175       187       191
        48       174       178       190       191
        48       174       186       190       191
        48       174       186       187       191
        24       175       187       187       191
        24       175       187       187       188
        24       176       177       177       179
        24       176       177       177       189
        48       177       177       179       192
        24       177       177       178       192
        48       177       178       190       192
        24       177       177       189       192
        48       177       189       190       192
        24       178       190       190       192
        24       178       190       190       191
        24       180       181       181       184
        48       181       184       185       188
        48       181       182       185       188
        24       181       181       184       188
        48       182       185       186       187
        48       182       183       186       187
        48       182       185       187       188
        48       183       186       186       187
        24       184       185       185       189
        24       184       185       185       188
        48       185       189       190       193
        48       185       186       190       193
        48       185       186       187       193
        24       185       185       189       193
        24       185       185       188       193
        48       185       187       188       193
        48       186       190       191       194
        48       186       187       191       194
        48       186       186       187       194
        48       186       190       193       194
        48       186       187       193       194
        24       187       187       191       193
        24       187       187       188       193
        48       187       191       193       194
        24       189       190       190       192
        24       189       190       190       193
        48       190       190       192       195
        24       190       190       191       195
        48       190       191       194       195
        24       190       190       193       195
        48       190       193       194       195
        24       191       194       194       195
        24       191       193       194       194
        24       193       194       194       195
        24       194       194       195       195
