    2    8    8
 58.690 16.000
    1    1  0.0050  0.0000  0.0000
 -0.044135973145  -0.000000000000  -0.000000000000
 -0.002900259499   0.000000000000  -0.000000000000
  0.011269144714   0.000000000000   0.000000000000
  0.011269144714  -0.000000000000   0.000000000000
  0.018208931590   0.000000000000   0.000000000000
 -0.000552900789   0.000000000000  -0.000000000000
  0.003420956208   0.000000000000   0.000000000000
  0.003420956208   0.000000000000   0.000000000000
    5    1  0.0050  0.0000  0.0000
  0.018015841231  -0.000000000000   0.000000000000
 -0.000658065418  -0.000000000000  -0.000000000000
  0.003428465328  -0.000000000000   0.000000000000
  0.003428465328  -0.000000000000   0.000000000000
 -0.042790003904   0.000000000000  -0.000000000000
 -0.000870475776  -0.000000000000  -0.000000000000
  0.009722886606  -0.000000000000   0.000000000000
  0.009722886606  -0.000000000000   0.000000000000
