Automatically generated mesh
     220
Reciprocal lattice
    0.00000000000000    0.00000000000000    0.00000000000000             1
    0.05263157894737    0.00000000000000    0.00000000000000             8
    0.10526315789474    0.00000000000000    0.00000000000000             8
    0.15789473684211    0.00000000000000    0.00000000000000             8
    0.21052631578947    0.00000000000000    0.00000000000000             8
    0.26315789473684    0.00000000000000    0.00000000000000             8
    0.31578947368421    0.00000000000000    0.00000000000000             8
    0.36842105263158    0.00000000000000    0.00000000000000             8
    0.42105263157895    0.00000000000000    0.00000000000000             8
    0.47368421052632    0.00000000000000    0.00000000000000             8
    0.05263157894737    0.05263157894737    0.00000000000000             6
    0.10526315789474    0.05263157894737    0.00000000000000            24
    0.15789473684211    0.05263157894737    0.00000000000000            24
    0.21052631578947    0.05263157894737    0.00000000000000            24
    0.26315789473684    0.05263157894737    0.00000000000000            24
    0.31578947368421    0.05263157894737    0.00000000000000            24
    0.36842105263158    0.05263157894737    0.00000000000000            24
    0.42105263157895    0.05263157894737    0.00000000000000            24
    0.47368421052632    0.05263157894737    0.00000000000000            24
   -0.47368421052632    0.05263157894737    0.00000000000000            24
   -0.42105263157895    0.05263157894737    0.00000000000000            24
   -0.36842105263158    0.05263157894737    0.00000000000000            24
   -0.31578947368421    0.05263157894737    0.00000000000000            24
   -0.26315789473684    0.05263157894737    0.00000000000000            24
   -0.21052631578947    0.05263157894737    0.00000000000000            24
   -0.15789473684211    0.05263157894737    0.00000000000000            24
   -0.10526315789474    0.05263157894737    0.00000000000000            24
   -0.05263157894737    0.05263157894737    0.00000000000000            12
    0.10526315789474    0.10526315789474    0.00000000000000             6
    0.15789473684211    0.10526315789474    0.00000000000000            24
    0.21052631578947    0.10526315789474    0.00000000000000            24
    0.26315789473684    0.10526315789474    0.00000000000000            24
    0.31578947368421    0.10526315789474    0.00000000000000            24
    0.36842105263158    0.10526315789474    0.00000000000000            24
    0.42105263157895    0.10526315789474    0.00000000000000            24
    0.47368421052632    0.10526315789474    0.00000000000000            24
   -0.47368421052632    0.10526315789474    0.00000000000000            24
   -0.42105263157895    0.10526315789474    0.00000000000000            24
   -0.36842105263158    0.10526315789474    0.00000000000000            24
   -0.31578947368421    0.10526315789474    0.00000000000000            24
   -0.26315789473684    0.10526315789474    0.00000000000000            24
   -0.21052631578947    0.10526315789474    0.00000000000000            24
   -0.15789473684211    0.10526315789474    0.00000000000000            24
   -0.10526315789474    0.10526315789474    0.00000000000000            12
    0.15789473684211    0.15789473684211    0.00000000000000             6
    0.21052631578947    0.15789473684211    0.00000000000000            24
    0.26315789473684    0.15789473684211    0.00000000000000            24
    0.31578947368421    0.15789473684211    0.00000000000000            24
    0.36842105263158    0.15789473684211    0.00000000000000            24
    0.42105263157895    0.15789473684211    0.00000000000000            24
    0.47368421052632    0.15789473684211    0.00000000000000            24
   -0.47368421052632    0.15789473684211    0.00000000000000            24
   -0.42105263157895    0.15789473684211    0.00000000000000            24
   -0.36842105263158    0.15789473684211    0.00000000000000            24
   -0.31578947368421    0.15789473684211    0.00000000000000            24
   -0.26315789473684    0.15789473684211    0.00000000000000            24
   -0.21052631578947    0.15789473684211    0.00000000000000            24
   -0.15789473684211    0.15789473684211    0.00000000000000            12
    0.21052631578947    0.21052631578947    0.00000000000000             6
    0.26315789473684    0.21052631578947    0.00000000000000            24
    0.31578947368421    0.21052631578947    0.00000000000000            24
    0.36842105263158    0.21052631578947    0.00000000000000            24
    0.42105263157895    0.21052631578947    0.00000000000000            24
    0.47368421052632    0.21052631578947    0.00000000000000            24
   -0.47368421052632    0.21052631578947    0.00000000000000            24
   -0.42105263157895    0.21052631578947    0.00000000000000            24
   -0.36842105263158    0.21052631578947    0.00000000000000            24
   -0.31578947368421    0.21052631578947    0.00000000000000            24
   -0.26315789473684    0.21052631578947    0.00000000000000            24
   -0.21052631578947    0.21052631578947    0.00000000000000            12
    0.26315789473684    0.26315789473684    0.00000000000000             6
    0.31578947368421    0.26315789473684    0.00000000000000            24
    0.36842105263158    0.26315789473684    0.00000000000000            24
    0.42105263157895    0.26315789473684    0.00000000000000            24
    0.47368421052632    0.26315789473684    0.00000000000000            24
   -0.47368421052632    0.26315789473684    0.00000000000000            24
   -0.42105263157895    0.26315789473684    0.00000000000000            24
   -0.36842105263158    0.26315789473684    0.00000000000000            24
   -0.31578947368421    0.26315789473684    0.00000000000000            24
   -0.26315789473684    0.26315789473684    0.00000000000000            12
    0.31578947368421    0.31578947368421    0.00000000000000             6
    0.36842105263158    0.31578947368421    0.00000000000000            24
    0.42105263157895    0.31578947368421    0.00000000000000            24
    0.47368421052632    0.31578947368421    0.00000000000000            24
   -0.47368421052632    0.31578947368421    0.00000000000000            24
   -0.42105263157895    0.31578947368421    0.00000000000000            24
   -0.36842105263158    0.31578947368421    0.00000000000000            24
   -0.31578947368421    0.31578947368421    0.00000000000000            12
    0.36842105263158    0.36842105263158    0.00000000000000             6
    0.42105263157895    0.36842105263158    0.00000000000000            24
    0.47368421052632    0.36842105263158    0.00000000000000            24
   -0.47368421052632    0.36842105263158    0.00000000000000            24
   -0.42105263157895    0.36842105263158    0.00000000000000            24
   -0.36842105263158    0.36842105263158    0.00000000000000            12
    0.42105263157895    0.42105263157895    0.00000000000000             6
    0.47368421052632    0.42105263157895    0.00000000000000            24
   -0.47368421052632    0.42105263157895    0.00000000000000            24
   -0.42105263157895    0.42105263157895    0.00000000000000            12
    0.47368421052632    0.47368421052632    0.00000000000000             6
   -0.47368421052632    0.47368421052632    0.00000000000000            12
    0.15789473684211    0.10526315789474    0.05263157894737            24
    0.21052631578947    0.10526315789474    0.05263157894737            48
    0.26315789473684    0.10526315789474    0.05263157894737            48
    0.31578947368421    0.10526315789474    0.05263157894737            48
    0.36842105263158    0.10526315789474    0.05263157894737            48
    0.42105263157895    0.10526315789474    0.05263157894737            48
    0.47368421052632    0.10526315789474    0.05263157894737            48
   -0.47368421052632    0.10526315789474    0.05263157894737            48
    0.21052631578947    0.15789473684211    0.05263157894737            24
    0.26315789473684    0.15789473684211    0.05263157894737            48
    0.31578947368421    0.15789473684211    0.05263157894737            48
    0.36842105263158    0.15789473684211    0.05263157894737            48
    0.42105263157895    0.15789473684211    0.05263157894737            48
    0.47368421052632    0.15789473684211    0.05263157894737            48
   -0.47368421052632    0.15789473684211    0.05263157894737            48
   -0.42105263157895    0.15789473684211    0.05263157894737            48
   -0.36842105263158    0.15789473684211    0.05263157894737            48
   -0.31578947368421    0.15789473684211    0.05263157894737            48
   -0.26315789473684    0.15789473684211    0.05263157894737            48
   -0.21052631578947    0.15789473684211    0.05263157894737            48
   -0.15789473684211    0.15789473684211    0.05263157894737            48
   -0.10526315789474    0.15789473684211    0.05263157894737            24
    0.26315789473684    0.21052631578947    0.05263157894737            24
    0.31578947368421    0.21052631578947    0.05263157894737            48
    0.36842105263158    0.21052631578947    0.05263157894737            48
    0.42105263157895    0.21052631578947    0.05263157894737            48
    0.47368421052632    0.21052631578947    0.05263157894737            48
   -0.47368421052632    0.21052631578947    0.05263157894737            48
   -0.42105263157895    0.21052631578947    0.05263157894737            48
   -0.36842105263158    0.21052631578947    0.05263157894737            48
   -0.31578947368421    0.21052631578947    0.05263157894737            48
   -0.26315789473684    0.21052631578947    0.05263157894737            48
   -0.21052631578947    0.21052631578947    0.05263157894737            48
   -0.15789473684211    0.21052631578947    0.05263157894737            24
    0.31578947368421    0.26315789473684    0.05263157894737            24
    0.36842105263158    0.26315789473684    0.05263157894737            48
    0.42105263157895    0.26315789473684    0.05263157894737            48
    0.47368421052632    0.26315789473684    0.05263157894737            48
   -0.47368421052632    0.26315789473684    0.05263157894737            48
   -0.42105263157895    0.26315789473684    0.05263157894737            48
   -0.36842105263158    0.26315789473684    0.05263157894737            48
   -0.31578947368421    0.26315789473684    0.05263157894737            48
   -0.26315789473684    0.26315789473684    0.05263157894737            48
   -0.21052631578947    0.26315789473684    0.05263157894737            24
    0.36842105263158    0.31578947368421    0.05263157894737            24
    0.42105263157895    0.31578947368421    0.05263157894737            48
    0.47368421052632    0.31578947368421    0.05263157894737            48
   -0.47368421052632    0.31578947368421    0.05263157894737            48
   -0.42105263157895    0.31578947368421    0.05263157894737            48
   -0.36842105263158    0.31578947368421    0.05263157894737            48
   -0.31578947368421    0.31578947368421    0.05263157894737            48
   -0.26315789473684    0.31578947368421    0.05263157894737            24
    0.42105263157895    0.36842105263158    0.05263157894737            24
    0.47368421052632    0.36842105263158    0.05263157894737            48
   -0.47368421052632    0.36842105263158    0.05263157894737            48
   -0.42105263157895    0.36842105263158    0.05263157894737            48
   -0.36842105263158    0.36842105263158    0.05263157894737            48
   -0.31578947368421    0.36842105263158    0.05263157894737            24
    0.47368421052632    0.42105263157895    0.05263157894737            24
   -0.47368421052632    0.42105263157895    0.05263157894737            48
   -0.42105263157895    0.42105263157895    0.05263157894737            48
   -0.36842105263158    0.42105263157895    0.05263157894737            24
   -0.47368421052632    0.47368421052632    0.05263157894737            24
   -0.42105263157895    0.47368421052632    0.05263157894737            24
    0.31578947368421    0.21052631578947    0.10526315789474            24
    0.36842105263158    0.21052631578947    0.10526315789474            48
    0.42105263157895    0.21052631578947    0.10526315789474            48
    0.47368421052632    0.21052631578947    0.10526315789474            48
   -0.47368421052632    0.21052631578947    0.10526315789474            48
   -0.42105263157895    0.21052631578947    0.10526315789474            48
    0.36842105263158    0.26315789473684    0.10526315789474            24
    0.42105263157895    0.26315789473684    0.10526315789474            48
    0.47368421052632    0.26315789473684    0.10526315789474            48
   -0.47368421052632    0.26315789473684    0.10526315789474            48
   -0.42105263157895    0.26315789473684    0.10526315789474            48
   -0.36842105263158    0.26315789473684    0.10526315789474            48
   -0.31578947368421    0.26315789473684    0.10526315789474            48
   -0.26315789473684    0.26315789473684    0.10526315789474            48
   -0.21052631578947    0.26315789473684    0.10526315789474            48
   -0.15789473684211    0.26315789473684    0.10526315789474            24
    0.42105263157895    0.31578947368421    0.10526315789474            24
    0.47368421052632    0.31578947368421    0.10526315789474            48
   -0.47368421052632    0.31578947368421    0.10526315789474            48
   -0.42105263157895    0.31578947368421    0.10526315789474            48
   -0.36842105263158    0.31578947368421    0.10526315789474            48
   -0.31578947368421    0.31578947368421    0.10526315789474            48
   -0.26315789473684    0.31578947368421    0.10526315789474            48
   -0.21052631578947    0.31578947368421    0.10526315789474            24
    0.47368421052632    0.36842105263158    0.10526315789474            24
   -0.47368421052632    0.36842105263158    0.10526315789474            48
   -0.42105263157895    0.36842105263158    0.10526315789474            48
   -0.36842105263158    0.36842105263158    0.10526315789474            48
   -0.31578947368421    0.36842105263158    0.10526315789474            48
   -0.26315789473684    0.36842105263158    0.10526315789474            24
   -0.47368421052632    0.42105263157895    0.10526315789474            24
   -0.42105263157895    0.42105263157895    0.10526315789474            48
   -0.36842105263158    0.42105263157895    0.10526315789474            48
   -0.31578947368421    0.42105263157895    0.10526315789474            24
   -0.42105263157895    0.47368421052632    0.10526315789474            24
   -0.36842105263158    0.47368421052632    0.10526315789474            24
    0.47368421052632    0.31578947368421    0.15789473684211            24
   -0.47368421052632    0.31578947368421    0.15789473684211            48
   -0.42105263157895    0.31578947368421    0.15789473684211            48
   -0.36842105263158    0.31578947368421    0.15789473684211            48
   -0.47368421052632    0.36842105263158    0.15789473684211            24
   -0.42105263157895    0.36842105263158    0.15789473684211            48
   -0.36842105263158    0.36842105263158    0.15789473684211            48
   -0.31578947368421    0.36842105263158    0.15789473684211            48
   -0.26315789473684    0.36842105263158    0.15789473684211            48
   -0.21052631578947    0.36842105263158    0.15789473684211            24
   -0.42105263157895    0.42105263157895    0.15789473684211            24
   -0.36842105263158    0.42105263157895    0.15789473684211            48
   -0.31578947368421    0.42105263157895    0.15789473684211            48
   -0.26315789473684    0.42105263157895    0.15789473684211            24
   -0.36842105263158    0.47368421052632    0.15789473684211            24
   -0.31578947368421    0.47368421052632    0.15789473684211            24
   -0.36842105263158    0.42105263157895    0.21052631578947            24
   -0.31578947368421    0.42105263157895    0.21052631578947            48
   -0.31578947368421    0.47368421052632    0.21052631578947            24
   -0.26315789473684    0.47368421052632    0.21052631578947            24
Tetrahedra
       955    0.00002429897458
        24         1         2         2        11
        48         2        11        12        28
        48         2         3        12        28
        24         2         2        11        28
        48         3        12        13        27
        48         3         4        13        27
        48         3        12        27        28
        48         4        13        14        26
        48         4         5        14        26
        48         4        13        26        27
        48         5        14        15        25
        48         5         6        15        25
        48         5        14        25        26
        48         6        15        16        24
        48         6         7        16        24
        48         6        15        24        25
        48         7        16        17        23
        48         7         8        17        23
        48         7        16        23        24
        48         8        17        18        22
        48         8         9        18        22
        48         8        17        22        23
        48         9        18        19        21
        48         9        10        19        21
        48         9        18        21        22
        48        10        19        20        20
        24        10        10        20        20
        48        10        19        20        21
        24        11        12        12        29
        24        11        12        12        28
        48        12        29        30       101
        48        12        13        30       101
        48        12        13        27       101
        24        12        12        29       101
        24        12        12        28       101
        48        12        27        28       101
        48        13        30        31       102
        48        13        14        31       102
        48        13        14        26       102
        48        13        30       101       102
        48        13        27       101       102
        48        13        26        27       102
        48        14        31        32       103
        48        14        15        32       103
        48        14        15        25       103
        48        14        31       102       103
        48        14        26       102       103
        48        14        25        26       103
        48        15        32        33       104
        48        15        16        33       104
        48        15        16        24       104
        48        15        32       103       104
        48        15        25       103       104
        48        15        24        25       104
        48        16        33        34       105
        48        16        17        34       105
        48        16        17        23       105
        48        16        33       104       105
        48        16        24       104       105
        48        16        23        24       105
        48        17        34        35       106
        48        17        18        35       106
        48        17        18        22       106
        48        17        34       105       106
        48        17        23       105       106
        48        17        22        23       106
        48        18        35        36       107
        48        18        19        36       107
        48        18        19        21       107
        48        18        35       106       107
        48        18        22       106       107
        48        18        21        22       107
        48        19        36        37       108
        48        19        20        37       108
        48        19        20        20       108
        48        19        36       107       108
        48        19        21       107       108
        48        19        20        21       108
        48        20        37        38       108
        48        20        21        38       108
        48        20        37       108       108
        24        20        20       108       108
        48        21        38        39       107
        48        21        22        39       107
        48        21        38       107       108
        48        22        39        40       106
        48        22        23        40       106
        48        22        39       106       107
        48        23        40        41       105
        48        23        24        41       105
        48        23        40       105       106
        48        24        41        42       104
        48        24        25        42       104
        48        24        41       104       105
        48        25        42        43       103
        48        25        26        43       103
        48        25        42       103       104
        48        26        43        44       102
        48        26        27        44       102
        48        26        43       102       103
        24        27        27        44       101
        24        27        27        28       101
        48        27        44       101       102
        24        29        30        30        45
        24        29        30        30       101
        48        30        45        46       109
        48        30        31        46       109
        48        30        31       102       109
        24        30        30        45       109
        24        30        30       101       109
        48        30       101       102       109
        48        31        46        47       110
        48        31        32        47       110
        48        31        32       103       110
        48        31        46       109       110
        48        31       102       109       110
        48        31       102       103       110
        48        32        47        48       111
        48        32        33        48       111
        48        32        33       104       111
        48        32        47       110       111
        48        32       103       110       111
        48        32       103       104       111
        48        33        48        49       112
        48        33        34        49       112
        48        33        34       105       112
        48        33        48       111       112
        48        33       104       111       112
        48        33       104       105       112
        48        34        49        50       113
        48        34        35        50       113
        48        34        35       106       113
        48        34        49       112       113
        48        34       105       112       113
        48        34       105       106       113
        48        35        50        51       114
        48        35        36        51       114
        48        35        36       107       114
        48        35        50       113       114
        48        35       106       113       114
        48        35       106       107       114
        48        36        51        52       115
        48        36        37        52       115
        48        36        37       108       115
        48        36        51       114       115
        48        36       107       114       115
        48        36       107       108       115
        48        37        52        53       116
        48        37        38        53       116
        48        37        38       108       116
        48        37        52       115       116
        48        37       108       115       116
        48        37       108       108       116
        48        38        53        54       117
        48        38        39        54       117
        48        38        39       107       117
        48        38        53       116       117
        48        38       108       116       117
        48        38       107       108       117
        48        39        54        55       118
        48        39        40        55       118
        48        39        40       106       118
        48        39        54       117       118
        48        39       107       117       118
        48        39       106       107       118
        48        40        55        56       119
        48        40        41        56       119
        48        40        41       105       119
        48        40        55       118       119
        48        40       106       118       119
        48        40       105       106       119
        48        41        56        57       120
        48        41        42        57       120
        48        41        42       104       120
        48        41        56       119       120
        48        41       105       119       120
        48        41       104       105       120
        48        42        57        58       121
        48        42        43        58       121
        48        42        43       103       121
        48        42        57       120       121
        48        42       104       120       121
        48        42       103       104       121
        24        43        43        58       122
        24        43        43        44       122
        48        43        44       102       122
        48        43        58       121       122
        48        43       103       121       122
        48        43       102       103       122
        24        44       102       102       122
        24        44       101       102       102
        24        45        46        46        59
        24        45        46        46       109
        48        46        59        60       123
        48        46        47        60       123
        48        46        47       110       123
        24        46        46        59       123
        24        46        46       109       123
        48        46       109       110       123
        48        47        60        61       124
        48        47        48        61       124
        48        47        48       111       124
        48        47        60       123       124
        48        47       110       123       124
        48        47       110       111       124
        48        48        61        62       125
        48        48        49        62       125
        48        48        49       112       125
        48        48        61       124       125
        48        48       111       124       125
        48        48       111       112       125
        48        49        62        63       126
        48        49        50        63       126
        48        49        50       113       126
        48        49        62       125       126
        48        49       112       125       126
        48        49       112       113       126
        48        50        63        64       127
        48        50        51        64       127
        48        50        51       114       127
        48        50        63       126       127
        48        50       113       126       127
        48        50       113       114       127
        48        51        64        65       128
        48        51        52        65       128
        48        51        52       115       128
        48        51        64       127       128
        48        51       114       127       128
        48        51       114       115       128
        48        52        65        66       129
        48        52        53        66       129
        48        52        53       116       129
        48        52        65       128       129
        48        52       115       128       129
        48        52       115       116       129
        48        53        66        67       130
        48        53        54        67       130
        48        53        54       117       130
        48        53        66       129       130
        48        53       116       129       130
        48        53       116       117       130
        48        54        67        68       131
        48        54        55        68       131
        48        54        55       118       131
        48        54        67       130       131
        48        54       117       130       131
        48        54       117       118       131
        48        55        68        69       132
        48        55        56        69       132
        48        55        56       119       132
        48        55        68       131       132
        48        55       118       131       132
        48        55       118       119       132
        48        56        69        70       133
        48        56        57        70       133
        48        56        57       120       133
        48        56        69       132       133
        48        56       119       132       133
        48        56       119       120       133
        24        57        57        70       134
        24        57        57        58       134
        48        57        58       121       134
        48        57        70       133       134
        48        57       120       133       134
        48        57       120       121       134
        24        58       121       121       134
        24        58       121       121       122
        24        59        60        60        71
        24        59        60        60       123
        48        60        71        72       135
        48        60        61        72       135
        48        60        61       124       135
        24        60        60        71       135
        24        60        60       123       135
        48        60       123       124       135
        48        61        72        73       136
        48        61        62        73       136
        48        61        62       125       136
        48        61        72       135       136
        48        61       124       135       136
        48        61       124       125       136
        48        62        73        74       137
        48        62        63        74       137
        48        62        63       126       137
        48        62        73       136       137
        48        62       125       136       137
        48        62       125       126       137
        48        63        74        75       138
        48        63        64        75       138
        48        63        64       127       138
        48        63        74       137       138
        48        63       126       137       138
        48        63       126       127       138
        48        64        75        76       139
        48        64        65        76       139
        48        64        65       128       139
        48        64        75       138       139
        48        64       127       138       139
        48        64       127       128       139
        48        65        76        77       140
        48        65        66        77       140
        48        65        66       129       140
        48        65        76       139       140
        48        65       128       139       140
        48        65       128       129       140
        48        66        77        78       141
        48        66        67        78       141
        48        66        67       130       141
        48        66        77       140       141
        48        66       129       140       141
        48        66       129       130       141
        48        67        78        79       142
        48        67        68        79       142
        48        67        68       131       142
        48        67        78       141       142
        48        67       130       141       142
        48        67       130       131       142
        48        68        79        80       143
        48        68        69        80       143
        48        68        69       132       143
        48        68        79       142       143
        48        68       131       142       143
        48        68       131       132       143
        24        69        69        80       144
        24        69        69        70       144
        48        69        70       133       144
        48        69        80       143       144
        48        69       132       143       144
        48        69       132       133       144
        24        70       133       133       144
        24        70       133       133       134
        24        71        72        72        81
        24        71        72        72       135
        48        72        81        82       145
        48        72        73        82       145
        48        72        73       136       145
        24        72        72        81       145
        24        72        72       135       145
        48        72       135       136       145
        48        73        82        83       146
        48        73        74        83       146
        48        73        74       137       146
        48        73        82       145       146
        48        73       136       145       146
        48        73       136       137       146
        48        74        83        84       147
        48        74        75        84       147
        48        74        75       138       147
        48        74        83       146       147
        48        74       137       146       147
        48        74       137       138       147
        48        75        84        85       148
        48        75        76        85       148
        48        75        76       139       148
        48        75        84       147       148
        48        75       138       147       148
        48        75       138       139       148
        48        76        85        86       149
        48        76        77        86       149
        48        76        77       140       149
        48        76        85       148       149
        48        76       139       148       149
        48        76       139       140       149
        48        77        86        87       150
        48        77        78        87       150
        48        77        78       141       150
        48        77        86       149       150
        48        77       140       149       150
        48        77       140       141       150
        48        78        87        88       151
        48        78        79        88       151
        48        78        79       142       151
        48        78        87       150       151
        48        78       141       150       151
        48        78       141       142       151
        24        79        79        88       152
        24        79        79        80       152
        48        79        80       143       152
        48        79        88       151       152
        48        79       142       151       152
        48        79       142       143       152
        24        80       143       143       152
        24        80       143       143       144
        24        81        82        82        89
        24        81        82        82       145
        48        82        89        90       153
        48        82        83        90       153
        48        82        83       146       153
        24        82        82        89       153
        24        82        82       145       153
        48        82       145       146       153
        48        83        90        91       154
        48        83        84        91       154
        48        83        84       147       154
        48        83        90       153       154
        48        83       146       153       154
        48        83       146       147       154
        48        84        91        92       155
        48        84        85        92       155
        48        84        85       148       155
        48        84        91       154       155
        48        84       147       154       155
        48        84       147       148       155
        48        85        92        93       156
        48        85        86        93       156
        48        85        86       149       156
        48        85        92       155       156
        48        85       148       155       156
        48        85       148       149       156
        48        86        93        94       157
        48        86        87        94       157
        48        86        87       150       157
        48        86        93       156       157
        48        86       149       156       157
        48        86       149       150       157
        24        87        87        94       158
        24        87        87        88       158
        48        87        88       151       158
        48        87        94       157       158
        48        87       150       157       158
        48        87       150       151       158
        24        88       151       151       158
        24        88       151       151       152
        24        89        90        90        95
        24        89        90        90       153
        48        90        95        96       159
        48        90        91        96       159
        48        90        91       154       159
        24        90        90        95       159
        24        90        90       153       159
        48        90       153       154       159
        48        91        96        97       160
        48        91        92        97       160
        48        91        92       155       160
        48        91        96       159       160
        48        91       154       159       160
        48        91       154       155       160
        48        92        97        98       161
        48        92        93        98       161
        48        92        93       156       161
        48        92        97       160       161
        48        92       155       160       161
        48        92       155       156       161
        24        93        93        98       162
        24        93        93        94       162
        48        93        94       157       162
        48        93        98       161       162
        48        93       156       161       162
        48        93       156       157       162
        24        94       157       157       162
        24        94       157       157       158
        24        95        96        96        99
        24        95        96        96       159
        48        96        99       100       163
        48        96        97       100       163
        48        96        97       160       163
        24        96        96        99       163
        24        96        96       159       163
        48        96       159       160       163
        24        97        97       100       164
        24        97        97        98       164
        48        97        98       161       164
        48        97       100       163       164
        48        97       160       163       164
        48        97       160       161       164
        24        98       161       161       164
        24        98       161       161       162
        12        99        99       100       100
        24        99       100       100       163
        12       100       100       163       163
        24       100       163       163       164
        24       101       102       102       109
        48       102       109       110       122
        48       102       103       110       122
        24       102       102       109       122
        48       103       110       111       121
        48       103       104       111       121
        48       103       110       121       122
        48       104       111       112       120
        48       104       105       112       120
        48       104       111       120       121
        48       105       112       113       119
        48       105       106       113       119
        48       105       112       119       120
        48       106       113       114       118
        48       106       107       114       118
        48       106       113       118       119
        48       107       114       115       117
        48       107       108       115       117
        48       107       114       117       118
        48       108       115       116       116
        24       108       108       116       116
        48       108       115       116       117
        24       109       110       110       123
        24       109       110       110       122
        48       110       123       124       165
        48       110       111       124       165
        48       110       111       121       165
        24       110       110       123       165
        24       110       110       122       165
        48       110       121       122       165
        48       111       124       125       166
        48       111       112       125       166
        48       111       112       120       166
        48       111       124       165       166
        48       111       121       165       166
        48       111       120       121       166
        48       112       125       126       167
        48       112       113       126       167
        48       112       113       119       167
        48       112       125       166       167
        48       112       120       166       167
        48       112       119       120       167
        48       113       126       127       168
        48       113       114       127       168
        48       113       114       118       168
        48       113       126       167       168
        48       113       119       167       168
        48       113       118       119       168
        48       114       127       128       169
        48       114       115       128       169
        48       114       115       117       169
        48       114       127       168       169
        48       114       118       168       169
        48       114       117       118       169
        48       115       128       129       170
        48       115       116       129       170
        48       115       116       116       170
        48       115       128       169       170
        48       115       117       169       170
        48       115       116       117       170
        48       116       129       130       170
        48       116       117       130       170
        48       116       129       170       170
        24       116       116       170       170
        48       117       130       131       169
        48       117       118       131       169
        48       117       130       169       170
        48       118       131       132       168
        48       118       119       132       168
        48       118       131       168       169
        48       119       132       133       167
        48       119       120       133       167
        48       119       132       167       168
        48       120       133       134       166
        48       120       121       134       166
        48       120       133       166       167
        24       121       121       134       165
        24       121       121       122       165
        48       121       134       165       166
        24       123       124       124       135
        24       123       124       124       165
        48       124       135       136       171
        48       124       125       136       171
        48       124       125       166       171
        24       124       124       135       171
        24       124       124       165       171
        48       124       165       166       171
        48       125       136       137       172
        48       125       126       137       172
        48       125       126       167       172
        48       125       136       171       172
        48       125       166       171       172
        48       125       166       167       172
        48       126       137       138       173
        48       126       127       138       173
        48       126       127       168       173
        48       126       137       172       173
        48       126       167       172       173
        48       126       167       168       173
        48       127       138       139       174
        48       127       128       139       174
        48       127       128       169       174
        48       127       138       173       174
        48       127       168       173       174
        48       127       168       169       174
        48       128       139       140       175
        48       128       129       140       175
        48       128       129       170       175
        48       128       139       174       175
        48       128       169       174       175
        48       128       169       170       175
        48       129       140       141       176
        48       129       130       141       176
        48       129       130       170       176
        48       129       140       175       176
        48       129       170       175       176
        48       129       170       170       176
        48       130       141       142       177
        48       130       131       142       177
        48       130       131       169       177
        48       130       141       176       177
        48       130       170       176       177
        48       130       169       170       177
        48       131       142       143       178
        48       131       132       143       178
        48       131       132       168       178
        48       131       142       177       178
        48       131       169       177       178
        48       131       168       169       178
        48       132       143       144       179
        48       132       133       144       179
        48       132       133       167       179
        48       132       143       178       179
        48       132       168       178       179
        48       132       167       168       179
        24       133       133       144       180
        24       133       133       134       180
        48       133       134       166       180
        48       133       144       179       180
        48       133       167       179       180
        48       133       166       167       180
        24       134       166       166       180
        24       134       165       166       166
        24       135       136       136       145
        24       135       136       136       171
        48       136       145       146       181
        48       136       137       146       181
        48       136       137       172       181
        24       136       136       145       181
        24       136       136       171       181
        48       136       171       172       181
        48       137       146       147       182
        48       137       138       147       182
        48       137       138       173       182
        48       137       146       181       182
        48       137       172       181       182
        48       137       172       173       182
        48       138       147       148       183
        48       138       139       148       183
        48       138       139       174       183
        48       138       147       182       183
        48       138       173       182       183
        48       138       173       174       183
        48       139       148       149       184
        48       139       140       149       184
        48       139       140       175       184
        48       139       148       183       184
        48       139       174       183       184
        48       139       174       175       184
        48       140       149       150       185
        48       140       141       150       185
        48       140       141       176       185
        48       140       149       184       185
        48       140       175       184       185
        48       140       175       176       185
        48       141       150       151       186
        48       141       142       151       186
        48       141       142       177       186
        48       141       150       185       186
        48       141       176       185       186
        48       141       176       177       186
        48       142       151       152       187
        48       142       143       152       187
        48       142       143       178       187
        48       142       151       186       187
        48       142       177       186       187
        48       142       177       178       187
        24       143       143       152       188
        24       143       143       144       188
        48       143       144       179       188
        48       143       152       187       188
        48       143       178       187       188
        48       143       178       179       188
        24       144       179       179       188
        24       144       179       179       180
        24       145       146       146       153
        24       145       146       146       181
        48       146       153       154       189
        48       146       147       154       189
        48       146       147       182       189
        24       146       146       153       189
        24       146       146       181       189
        48       146       181       182       189
        48       147       154       155       190
        48       147       148       155       190
        48       147       148       183       190
        48       147       154       189       190
        48       147       182       189       190
        48       147       182       183       190
        48       148       155       156       191
        48       148       149       156       191
        48       148       149       184       191
        48       148       155       190       191
        48       148       183       190       191
        48       148       183       184       191
        48       149       156       157       192
        48       149       150       157       192
        48       149       150       185       192
        48       149       156       191       192
        48       149       184       191       192
        48       149       184       185       192
        48       150       157       158       193
        48       150       151       158       193
        48       150       151       186       193
        48       150       157       192       193
        48       150       185       192       193
        48       150       185       186       193
        24       151       151       158       194
        24       151       151       152       194
        48       151       152       187       194
        48       151       158       193       194
        48       151       186       193       194
        48       151       186       187       194
        24       152       187       187       194
        24       152       187       187       188
        24       153       154       154       159
        24       153       154       154       189
        48       154       159       160       195
        48       154       155       160       195
        48       154       155       190       195
        24       154       154       159       195
        24       154       154       189       195
        48       154       189       190       195
        48       155       160       161       196
        48       155       156       161       196
        48       155       156       191       196
        48       155       160       195       196
        48       155       190       195       196
        48       155       190       191       196
        48       156       161       162       197
        48       156       157       162       197
        48       156       157       192       197
        48       156       161       196       197
        48       156       191       196       197
        48       156       191       192       197
        24       157       157       162       198
        24       157       157       158       198
        48       157       158       193       198
        48       157       162       197       198
        48       157       192       197       198
        48       157       192       193       198
        24       158       193       193       198
        24       158       193       193       194
        24       159       160       160       163
        24       159       160       160       195
        48       160       163       164       199
        48       160       161       164       199
        48       160       161       196       199
        24       160       160       163       199
        24       160       160       195       199
        48       160       195       196       199
        24       161       161       164       200
        24       161       161       162       200
        48       161       162       197       200
        48       161       164       199       200
        48       161       196       199       200
        48       161       196       197       200
        24       162       197       197       200
        24       162       197       197       198
        12       163       163       164       164
        24       163       164       164       199
        12       164       164       199       199
        24       164       199       199       200
        24       165       166       166       171
        48       166       171       172       180
        48       166       167       172       180
        24       166       166       171       180
        48       167       172       173       179
        48       167       168       173       179
        48       167       172       179       180
        48       168       173       174       178
        48       168       169       174       178
        48       168       173       178       179
        48       169       174       175       177
        48       169       170       175       177
        48       169       174       177       178
        48       170       175       176       176
        24       170       170       176       176
        48       170       175       176       177
        24       171       172       172       181
        24       171       172       172       180
        48       172       181       182       201
        48       172       173       182       201
        48       172       173       179       201
        24       172       172       181       201
        24       172       172       180       201
        48       172       179       180       201
        48       173       182       183       202
        48       173       174       183       202
        48       173       174       178       202
        48       173       182       201       202
        48       173       179       201       202
        48       173       178       179       202
        48       174       183       184       203
        48       174       175       184       203
        48       174       175       177       203
        48       174       183       202       203
        48       174       178       202       203
        48       174       177       178       203
        48       175       184       185       204
        48       175       176       185       204
        48       175       176       176       204
        48       175       184       203       204
        48       175       177       203       204
        48       175       176       177       204
        48       176       185       186       204
        48       176       177       186       204
        48       176       185       204       204
        24       176       176       204       204
        48       177       186       187       203
        48       177       178       187       203
        48       177       186       203       204
        48       178       187       188       202
        48       178       179       188       202
        48       178       187       202       203
        24       179       179       188       201
        24       179       179       180       201
        48       179       188       201       202
        24       181       182       182       189
        24       181       182       182       201
        48       182       189       190       205
        48       182       183       190       205
        48       182       183       202       205
        24       182       182       189       205
        24       182       182       201       205
        48       182       201       202       205
        48       183       190       191       206
        48       183       184       191       206
        48       183       184       203       206
        48       183       190       205       206
        48       183       202       205       206
        48       183       202       203       206
        48       184       191       192       207
        48       184       185       192       207
        48       184       185       204       207
        48       184       191       206       207
        48       184       203       206       207
        48       184       203       204       207
        48       185       192       193       208
        48       185       186       193       208
        48       185       186       204       208
        48       185       192       207       208
        48       185       204       207       208
        48       185       204       204       208
        48       186       193       194       209
        48       186       187       194       209
        48       186       187       203       209
        48       186       193       208       209
        48       186       204       208       209
        48       186       203       204       209
        24       187       187       194       210
        24       187       187       188       210
        48       187       188       202       210
        48       187       194       209       210
        48       187       203       209       210
        48       187       202       203       210
        24       188       202       202       210
        24       188       201       202       202
        24       189       190       190       195
        24       189       190       190       205
        48       190       195       196       211
        48       190       191       196       211
        48       190       191       206       211
        24       190       190       195       211
        24       190       190       205       211
        48       190       205       206       211
        48       191       196       197       212
        48       191       192       197       212
        48       191       192       207       212
        48       191       196       211       212
        48       191       206       211       212
        48       191       206       207       212
        48       192       197       198       213
        48       192       193       198       213
        48       192       193       208       213
        48       192       197       212       213
        48       192       207       212       213
        48       192       207       208       213
        24       193       193       198       214
        24       193       193       194       214
        48       193       194       209       214
        48       193       198       213       214
        48       193       208       213       214
        48       193       208       209       214
        24       194       209       209       214
        24       194       209       209       210
        24       195       196       196       199
        24       195       196       196       211
        48       196       199       200       215
        48       196       197       200       215
        48       196       197       212       215
        24       196       196       199       215
        24       196       196       211       215
        48       196       211       212       215
        24       197       197       200       216
        24       197       197       198       216
        48       197       198       213       216
        48       197       200       215       216
        48       197       212       215       216
        48       197       212       213       216
        24       198       213       213       216
        24       198       213       213       214
        12       199       199       200       200
        24       199       200       200       215
        12       200       200       215       215
        24       200       215       215       216
        24       201       202       202       205
        48       202       205       206       210
        48       202       203       206       210
        24       202       202       205       210
        48       203       206       207       209
        48       203       204       207       209
        48       203       206       209       210
        48       204       207       208       208
        24       204       204       208       208
        48       204       207       208       209
        24       205       206       206       211
        24       205       206       206       210
        48       206       211       212       217
        48       206       207       212       217
        48       206       207       209       217
        24       206       206       211       217
        24       206       206       210       217
        48       206       209       210       217
        48       207       212       213       218
        48       207       208       213       218
        48       207       208       208       218
        48       207       212       217       218
        48       207       209       217       218
        48       207       208       209       218
        48       208       213       214       218
        48       208       209       214       218
        48       208       213       218       218
        24       208       208       218       218
        24       209       209       214       217
        24       209       209       210       217
        48       209       214       217       218
        24       211       212       212       215
        24       211       212       212       217
        48       212       215       216       219
        48       212       213       216       219
        48       212       213       218       219
        24       212       212       215       219
        24       212       212       217       219
        48       212       217       218       219
        24       213       213       216       220
        24       213       213       214       220
        48       213       214       218       220
        48       213       216       219       220
        48       213       218       219       220
        48       213       218       218       220
        24       214       218       218       220
        24       214       217       218       218
        12       215       215       216       216
        24       215       216       216       219
        12       216       216       219       219
        24       216       219       219       220
        24       217       218       218       219
        48       218       219       220       220
        24       218       218       220       220
        24       218       218       219       220
        12       219       219       220       220
        24       219       220       220       220
         6       220       220       220       220
