    2    8    8
 22.990 35.453
    1    1  0.0050  0.0000  0.0000
 -0.007632882642  -0.000000000000  -0.000000000000
 -0.000312516847  -0.000000000000  -0.000000000000
  0.000987998768  -0.000000000000   0.000000000000
  0.000987998768  -0.000000000000   0.000000000000
  0.004686676405   0.000000000000   0.000000000000
 -0.000252448674  -0.000000000000  -0.000000000000
  0.000767587111  -0.000000000000   0.000000000000
  0.000767587111  -0.000000000000   0.000000000000
    5    1  0.0050  0.0000  0.0000
  0.004649986004  -0.000000000000   0.000000000000
 -0.000276642931  -0.000000000000  -0.000000000000
  0.000782300609  -0.000000000000   0.000000000000
  0.000782300609  -0.000000000000   0.000000000000
 -0.010738768795   0.000000000000  -0.000000000000
 -0.000554696559  -0.000000000000  -0.000000000000
  0.002677760532  -0.000000000000   0.000000000000
  0.002677760532  -0.000000000000   0.000000000000
